/* 32 bytes */

68 e7 8b 04 08 89 e5 83 
c5 1c 55 89 e5 b8 6c e3 
86 77 c9 c3 90 90 90 90
90 90 90 90 90 90 90 90

/* 64 bytes */
                 
90 90 90 90 90 90 90 90
90 90 90 90 90 90 90 90
90 90 90 90 90 90 90 90
90 90 90 90 90 90 90 90

/* 96 bytes */

90 90 90 90 90 90 90 90
90 90 90 90 90 90 90 90
90 90 90 90 90 90 90 90
90 90 90 90 90 90 90 90

/* 128 bytes */

90 90 90 90 90 90 90 90
90 90 90 90 90 90 90 90
90 90 90 90 90 90 90 90
90 90 90 90 90 90 90 90

/* 160 bytes */

90 90 90 90 90 90 90 90
90 90 90 90 90 90 90 90
90 90 90 90 90 90 90 90
90 90 90 90 90 90 90 90

/* 192 bytes */

90 90 90 90 90 90 90 90
90 90 90 90 90 90 90 90
90 90 90 90 90 90 90 90
90 90 90 90 90 90 90 90

/* 234 bytes */

90 90 90 90 90 90 90 90
90 90 90 90 90 90 90 90
90 90 90 90 90 90 90 90
90 90 90 90 90 90 90 90

/* 256 bytes */

90 90 90 90 90 90 90 90
90 90 90 90 90 90 90 90
90 90 90 90 90 90 90 90
90 90 90 90 90 90 90 90 

/* 288 bytes */

90 90 90 90 90 90 90 90 
90 90 90 90 90 90 90 90 
90 90 90 90 90 90 90 90 
90 90 90 90 90 90 90 90 

/* 320 bytes */

90 90 90 90 90 90 90 90 
90 90 90 90 90 90 90 90 
90 90 90 90 90 90 90 90 
90 90 90 90 90 90 90 90 

/* 352 bytes */

90 90 90 90 90 90 90 90 
90 90 90 90 90 90 90 90 
90 90 90 90 90 90 90 90 
90 90 90 90 90 90 90 90 

/* 384 bytes */

90 90 90 90 90 90 90 90 
90 90 90 90 90 90 90 90 
90 90 90 90 90 90 90 90 
90 90 90 90 90 90 90 90 

/* 416 bytes */

90 90 90 90 90 90 90 90 
90 90 90 90 90 90 90 90 
90 90 90 90 90 90 90 90 
90 90 90 90 90 90 90 90

/* 448 bytes */

90 90 90 90 90 90 90 90 
90 90 90 90 90 90 90 90 
90 90 90 90 90 90 90 90 
90 90 90 90 90 90 90 90 

/* 480 bytes */
 
90 90 90 90 90 90 90 90 
90 90 90 90 90 90 90 90 
90 90 90 90 90 90 90 90 
90 90 90 90 90 90 90 90 

/* 512 bytes */

90 90 90 90 90 90 90 90 
90 90 90 90 90 90 90 90 
90 90 90 90 90 90 90 90 
90 90 90 e9 00 fe ff ff 
 
90 90 90 90 f0 37 68 55 

