1 100
4 82
1 63
2 4 jb03iq7nd1 312555 3 1 3 3
5 82
3
4 200
4 71
2 9 lo7nrcjglz 768128 6 3
4 159
2 11 bpi8e8kbvj 4537
4 32
4 196
1 196
3
5 196
5 110
4 104
3
2 20 ytqfy48e08 261102 1 9 16
2 21 8fz6dwogn6 490836 3
1 70
3
4 210
5 64
2 26 d447mllxo0 950727 16 23 13
2 27 ggjualbdyl 479431 11 8 22
3
5 118
1 29
2 31 kvkjbif6oa 828659 8 19
4 200
2 33 9tv7ne0t8t 198752 5 6 8
3
4 146
5 186
1 61
5 80
5 34
2 40 hg74jksj9i 222055 6 37
5 115
2 42 gcmfx28cp7 610932
5 36
5 235
4 86
2 46 mmveq9w523 209914 25 37 33 41
5 144
3
5 214
5 243
3
4 207
3
2 54 hu6c3k5r5w 147322 20
3
3
3
5 164
3
3
2 61 ioqrxw6lyg 518144 25 7
2 62 os042kxddi 138190 12 43 12
2 63 wycy2fbrzf 986660
5 71
3
3
3
3
5 95
3
2 71 am3d7tg8a1 496818 7 52 66 54
5 91
3
3
4 32
2 76 bzmfkn0yhr 397937 59 9 56 58 42
4 61
3
3
2 80 fj6xqb46cl 846570 56
2 81 1atrleawes 105204 59 19 18 67 53
5 231
2 83 33ujhca0uo 259803 44 14
1 109
3
2 86 jpc3slhgqo 430437 38
4 25
4 169
2 89 2doo5361ry 86954
2 90 1kxcz5786f 982877 77
5 220
5 92
4 81
1 157
4 42
3
4 217
1 51
3
3
2 101 swvsan9ifl 61605
5 171
5 195
5 118
2 105 mssuac26a8 24710 86 66
4 135
3
3
3
3
4 78
2 112 80xgprx252 774757 55 80
2 113 y83j46ecsh 183067
2 114 nqemzjlw98 547699
1 123
5 35
3
2 118 q2abs48i5p 916619 27 4 7
5 231
2 120 3z1aqyv0r7 692896 106 14 5 4
2 121 5hf1bcfn3n 402511 112 116 70 25
3
4 72
4 94
4 248
4 104
2 127 be5m0x0qs5 9274 72 18 9
1 138
1 24
2 130 dutql8jkgd 943861
5 190
4 101
3
4 227
5 4
4 145
3
1 104
2 139 vgypqfjy1z 45376 23 28 62 99
5 48
2 141 864q73hkej 550173 89 111 122 114 108
3
4 74
5 170
1 6
2 146 a4v9gffpnm 194983 33 111 84 45 58
5 43
2 148 f8boit2vc2 197073 19 146 33 9
2 149 iu6mfkmnzk 251775 27 94
2 150 7e2e3rak5p 909403 63 72 45 30
2 151 1j7zteeikd 530127 89 124 10
3
3
4 99
5 125
4 12
3
4 241
5 80
5 20
4 39
4 8
2 163 qbi72al8o2 677652 74 138 37 62
3
1 46
5 218
2 167 8xzpmgniiu 849451 114 38 75 91 46
1 24
3
4 128
3
3
1 95
3
3
3
1 192
4 90
2 179 kwp6w5iri3 150477 31 77
5 126
2 181 xfgxh3pm0a 615005 112
5 207
3
4 98
3
3
4 30
4 126
2 189 f8hh4hot9b 23507 35 60
1 131
5 101
3
2 193 lxwe8m1mh5 709291
1 88
4 192
2 196 sdnan83ij5 34905 181
5 233
1 185
1 42
5 107
